image	https://p5.img.cctvpic.com/photoworkspace/contentimg/2021/01/15/2021011518023497121.jpg	
image	https://p2.img.cctvpic.com/photoworkspace/contentimg/2021/01/15/2021011518025941900.jpg	